0 0.247942 0.621171 0.14982 0.092593
0 0.211613 0.727481 0.158179 0.065158
0 0.190715 0.853224 0.129244 0.273205
0 0.814751 0.61374 0.088735 0.169182
0 0.664609 0.537151 0.102238 0.061728
0 0.656893 0.416552 0.057227 0.06973
0 0.712513 0.461134 0.050154 0.097165
0 0.599023 0.501143 0.086806 0.058299
0 0.500965 0.494856 0.036008 0.15775
0 0.454025 0.371971 0.093879 0.092593
0 0.453382 0.457705 0.093879 0.067444
0 0.411265 0.498285 0.084234 0.121171
0 0.53633 0.391975 0.050154 0.077732
0 0.571373 0.387403 0.036651 0.123457
0 0.616705 0.388546 0.05787 0.089163
0 0.26466 0.343393 0.107382 0.06973
0 0.203897 0.429127 0.083591 0.113169
0 0.240226 0.498857 0.094522 0.06973
0 0.289738 0.435414 0.081662 0.141747
0 0.335712 0.346822 0.018004 0.110882