0 0.198753 0.618313 0.153035 0.118884
0 0.132202 0.882373 0.170396 0.226337
0 0.589378 0.636031 0.122814 0.090306
0 0.411908 0.828647 0.118956 0.144033
0 0.223187 0.354252 0.068158 0.160037
0 0.297132 0.32053 0.093879 0.078875
0 0.277199 0.512574 0.050154 0.110882
0 0.346322 0.498285 0.102238 0.068587
0 0.435378 0.48914 0.036008 0.125743
0 0.470743 0.486283 0.060442 0.126886
0 0.338606 0.431984 0.109954 0.068587
0 0.323495 0.370256 0.05787 0.070873
0 0.452096 0.349108 0.074588 0.072016
0 0.454025 0.387974 0.086163 0.06973
0 0.515432 0.413695 0.043081 0.118884
0 0.555298 0.411408 0.066229 0.100594
0 0.577803 0.378829 0.068801 0.083448
0 0.638246 0.450846 0.088092 0.110882
0 0.572659 0.520005 0.058513 0.118884
0 0.679077 0.362826 0.061728 0.097165
0 0.729231 0.375972 0.059156 0.130316