0 0.117091 0.691472 0.119599 0.217193
0 0.36947 0.618884 0.109954 0.117741
0 0.745949 0.708619 0.114455 0.148605
0 0.761703 0.435414 0.094522 0.07316
0 0.730517 0.347965 0.05787 0.085734
0 0.575874 0.374829 0.068801 0.052583
0 0.635995 0.399977 0.092593 0.066301
0 0.587127 0.474851 0.087449 0.065158
0 0.438915 0.32396 0.080376 0.067444
0 0.228652 0.337106 0.09195 0.070873
0 0.285237 0.384545 0.058513 0.090306
0 0.335069 0.379401 0.054012 0.066301
0 0.266911 0.479424 0.07073 0.078875
0 0.321245 0.495999 0.054655 0.114312
0 0.292631 0.60631 0.073302 0.120027
0 0.375257 0.506287 0.041795 0.109739
0 0.41223 0.497142 0.039866 0.13946
0 0.456597 0.494856 0.065586 0.091449
0 0.45499 0.402835 0.09838 0.076589