0 0.216435 0.476566 0.059799 0.13946
0 0.267554 0.411408 0.050154 0.096022
0 0.287166 0.490283 0.073945 0.114312
0 0.342142 0.410265 0.052726 0.185185
0 0.422197 0.332533 0.057227 0.057156
0 0.451775 0.41198 0.088092 0.060585
0 0.418017 0.47085 0.079733 0.082305
0 0.542438 0.435985 0.086806 0.083448
0 0.532472 0.508573 0.084877 0.089163
0 0.603202 0.383973 0.052726 0.128029
0 0.674897 0.485711 0.044367 0.116598
0 0.75688 0.513146 0.065586 0.059442
0 0.857189 0.696616 0.101595 0.195473
0 0.683256 0.38626 0.07909 0.086877
0 0.687114 0.335963 0.054655 0.070873
0 0.746914 0.357682 0.072659 0.093736
0 0.787423 0.353681 0.053369 0.117741
0 0.153421 0.896662 0.10481 0.074303