0 0.117413 0.709191 0.134388 0.206904
0 0.245049 0.605167 0.141461 0.115455
0 0.188617 0.84413 0.139194 0.309888
0 0.472672 0.608596 0.106739 0.081161
0 0.817323 0.609739 0.074588 0.197759
0 0.526042 0.401692 0.037294 0.126886
0 0.578447 0.521719 0.089378 0.06973
0 0.764275 0.437128 0.066229 0.156607
0 0.737912 0.387974 0.102238 0.10631
0 0.628601 0.417695 0.046939 0.120027
0 0.663002 0.421696 0.042438 0.105167
0 0.580697 0.443416 0.074588 0.084591
0 0.44856 0.441129 0.09195 0.068587
0 0.439558 0.491427 0.070087 0.080018
0 0.387474 0.51829 0.048225 0.113169
0 0.245692 0.4377 0.0643 0.084591
0 0.287487 0.423411 0.065586 0.165752
0 0.340535 0.417124 0.055941 0.118884
0 0.404514 0.335391 0.050154 0.090306
0 0.441165 0.346822 0.07073 0.117741
0 0.332176 0.346822 0.054655 0.115455