0 0.083655 0.884659 0.153035 0.228624
0 0.521862 0.836648 0.073945 0.313214
0 0.204218 0.626315 0.147248 0.125743
0 0.227366 0.367398 0.081662 0.115455
0 0.245049 0.48914 0.083591 0.084591
0 0.286844 0.477138 0.090021 0.085734
0 0.320923 0.397119 0.091307 0.110882
0 0.351466 0.497714 0.080376 0.122314
0 0.421232 0.483425 0.075874 0.075446
0 0.449846 0.537723 0.08552 0.067444
0 0.442773 0.36797 0.07909 0.084591
0 0.508359 0.343393 0.099666 0.094879
0 0.497749 0.451417 0.061728 0.148605
0 0.558835 0.512003 0.079733 0.096022
0 0.620242 0.475423 0.09838 0.061728
0 0.719586 0.520005 0.079733 0.084591
0 0.729231 0.39369 0.05787 0.168038
0 0.646283 0.415409 0.07716 0.058299
0 0.672325 0.355396 0.040509 0.098308
0 0.589056 0.322817 0.095165 0.08802
0 0.606417 0.377686 0.05787 0.097165
0 0.833719 0.768633 0.18197 0.092593