0 0.228974 0.355967 0.086163 0.097165
0 0.221901 0.607453 0.140175 0.099451
0 0.331533 0.688615 0.063657 0.206904
0 0.110661 0.63946 0.102881 0.149749
0 0.081085 0.903572 0.153039 0.191004
0 0.55494 0.845273 0.074515 0.307602
0 0.780671 0.629172 0.078447 0.195473
0 0.310314 0.496571 0.07909 0.154321
0 0.347287 0.47428 0.056584 0.102881
0 0.357575 0.315958 0.086163 0.046868
0 0.316422 0.371971 0.069444 0.076589
0 0.449203 0.501143 0.063657 0.06973
0 0.490998 0.445702 0.064943 0.061728
0 0.520576 0.385117 0.054655 0.084591
0 0.5643 0.363397 0.041795 0.125743
0 0.577482 0.50743 0.03858 0.130316
0 0.632459 0.502858 0.08552 0.091449
0 0.680684 0.359396 0.057227 0.092593
0 0.730838 0.456561 0.052083 0.140604
0 0.690972 0.485711 0.084234 0.068587
0 0.642425 0.431984 0.084877 0.075446
0 0.609311 0.377686 0.073945 0.074303
0 0.439879 0.408551 0.066872 0.060585
0 0.467207 0.32396 0.072659 0.06973