0 0.254051 0.318816 0.07716 0.068587
0 0.798354 0.743484 0.072659 0.140604
0 0.90027 0.726337 0.150463 0.152035
0 0.402263 0.609739 0.118956 0.081161
0 0.466564 0.381116 0.080376 0.078875
0 0.413516 0.494856 0.037294 0.146319
0 0.249228 0.538294 0.068801 0.080018
0 0.145383 0.842936 0.105453 0.273205
0 0.047325 0.832076 0.09195 0.292638
0 0.14249 0.65775 0.1241 0.170325
0 0.212577 0.440558 0.075231 0.092593
0 0.319637 0.345679 0.042438 0.108596
0 0.350502 0.497714 0.0643 0.083448
0 0.308385 0.528006 0.066229 0.075446
0 0.27302 0.41941 0.068801 0.07316
0 0.286201 0.366255 0.07073 0.044582
0 0.373328 0.322817 0.063657 0.026292