0 0.105838 0.882373 0.134388 0.228624
0 0.111947 0.6869 0.124743 0.196616
0 0.205504 0.603452 0.145962 0.144033
0 0.219007 0.354252 0.084234 0.146319
0 0.239905 0.436557 0.106739 0.080018
0 0.234439 0.512574 0.071373 0.154321
0 0.276878 0.379401 0.059799 0.093736
0 0.317387 0.445702 0.061085 0.112026
0 0.372685 0.50743 0.068801 0.13946
0 0.452418 0.46342 0.076517 0.067444
0 0.440201 0.346251 0.066229 0.155464
0 0.528614 0.500572 0.052726 0.109739
0 0.333783 0.374829 0.043724 0.096022
0 0.547582 0.390832 0.039223 0.144033
0 0.602881 0.346822 0.055941 0.110882
0 0.629565 0.415409 0.092593 0.065158
0 0.67554 0.471994 0.063657 0.123457
0 0.674254 0.358253 0.041795 0.090306
0 0.7183 0.370256 0.05144 0.13946
0 0.720872 0.453704 0.07716 0.114312
0 0.735983 0.508002 0.088092 0.10631
0 0.818287 0.654893 0.14982 0.100594