0 0.219329 0.836648 0.101595 0.310928
0 0.611561 0.476566 0.050154 0.057156
0 0.699653 0.428555 0.065586 0.146319
0 0.768776 0.349108 0.09838 0.081161
0 0.751093 0.704618 0.153035 0.200046
0 0.822145 0.597737 0.095808 0.208048
0 0.575553 0.337106 0.056584 0.066301
0 0.431842 0.468564 0.084234 0.080018
0 0.220293 0.384545 0.088092 0.085734
0 0.262731 0.626886 0.116384 0.099451
0 0.324138 0.621742 0.158179 0.109739
0 0.295203 0.554298 0.087449 0.052583
0 0.300026 0.373114 0.094522 0.053727
0 0.355967 0.319959 0.09195 0.045725
0 0.290702 0.47085 0.039866 0.137174
0 0.332497 0.442273 0.066872 0.089163
0 0.442773 0.390261 0.072659 0.108596
0 0.517361 0.38626 0.075231 0.080018
0 0.493248 0.471422 0.041152 0.110882