0 0.191358 0.695473 0.095808 0.17947
0 0.276878 0.691472 0.066229 0.226337
0 0.366898 0.634888 0.109954 0.140604
0 0.671361 0.662894 0.063014 0.198903
0 0.690329 0.512003 0.094522 0.070873
0 0.839185 0.625743 0.101595 0.211477
0 0.72698 0.32396 0.108668 0.06973
0 0.744342 0.405693 0.109954 0.077732
0 0.592271 0.366827 0.05787 0.112026
0 0.533115 0.406264 0.05787 0.10631
0 0.613812 0.454275 0.049511 0.136031
0 0.48071 0.338249 0.062371 0.082305
0 0.448881 0.447988 0.084877 0.075446
0 0.334748 0.44856 0.093236 0.065158
0 0.316422 0.521148 0.082305 0.057156
0 0.228652 0.378829 0.067515 0.110882
0 0.280093 0.373685 0.043081 0.109739
0 0.320923 0.373114 0.039866 0.131459
0 0.312564 0.920668 0.097737 0.110882