0 0.167888 0.860654 0.145319 0.272062
0 0.180427 0.846936 0.108668 0.274348
0 0.050862 0.840078 0.101595 0.297211
0 0.782922 0.602309 0.063657 0.153178
0 0.811535 0.854938 0.133745 0.276635
0 0.58552 0.357682 0.071373 0.05487
0 0.520255 0.389689 0.063014 0.070873
0 0.559799 0.495428 0.057227 0.049154
0 0.46785 0.324531 0.068801 0.050297
0 0.449524 0.403406 0.075874 0.077732
0 0.152456 0.608596 0.093879 0.104024
0 0.26659 0.359968 0.082948 0.061728
0 0.260481 0.462849 0.061728 0.066301
0 0.209362 0.402835 0.066229 0.136031
0 0.328639 0.398262 0.063014 0.044582
0 0.320602 0.52572 0.046939 0.114312
0 0.345679 0.480567 0.041795 0.131459
0 0.379115 0.321674 0.062371 0.042295