0 0.241834 0.610882 0.142747 0.094879
0 0.23251 0.524005 0.108668 0.072016
0 0.230903 0.340535 0.073302 0.130316
0 0.239905 0.422268 0.07073 0.117741
0 0.192323 0.851509 0.149177 0.28578
0 0.117413 0.705761 0.135674 0.206904
0 0.758166 0.322817 0.092593 0.099451
0 0.753665 0.479424 0.108025 0.065158
0 0.664288 0.493713 0.061728 0.107453
0 0.668789 0.390832 0.05787 0.070873
0 0.814751 0.617741 0.101595 0.220622
0 0.594843 0.482853 0.093879 0.083448
0 0.53858 0.514861 0.071373 0.113169
0 0.488747 0.456561 0.048868 0.14289
0 0.509967 0.377686 0.05144 0.101738
0 0.42927 0.460562 0.090664 0.080018
0 0.357896 0.498857 0.058513 0.149749
0 0.321245 0.3754 0.057227 0.110882
0 0.320923 0.421125 0.066872 0.067444
0 0.4058 0.317673 0.088735 0.059442
0 0.443094 0.372542 0.061728 0.075446